0 24.9026 98576.7 24511.5
1 24.9026 98576.7 24511.5
2 24.9026 98576.7 24511.5
3 24.9026 98576.7 24511.5
4 24.9026 98576.7 24511.5
5 24.9026 98576.7 24511.5
6 24.9026 98576.7 24511.5
7 24.9026 91337.8 22617.9
8 24.9026 91337.8 22617.9
9 24.9026 91337.8 22617.9
10 24.9026 91337.8 22617.9
11 24.9026 91337.8 22617.9
12 24.9026 91337.8 22617.9
13 24.9026 91337.8 22617.9
14 24.9026 91337.8 22617.9
15 24.9026 91337.8 22617.9
16 24.9026 91337.8 22617.9
17 24.9026 91337.8 22617.9
18 24.9026 91337.8 22617.9
19 24.9026 91337.8 22617.9
20 24.9026 91337.8 22617.9
21 24.9026 91337.8 22617.9
22 24.9026 91337.8 22617.9
23 24.9026 77319.1 21256.7
24 24.9026 77319.1 21256.7
25 24.9026 77319.1 21256.7
26 24.9026 77319.1 21256.7
27 24.9026 77319.1 21256.7
28 24.9026 77319.1 21256.7
29 24.9026 77319.1 21256.7
30 24.9026 68780.4 19727.4
31 24.9026 68780.4 19727.4
32 24.9026 68780.4 19727.4
33 24.9026 62601.9 18871.9
34 24.9026 62601.9 18871.9
35 24.9026 62601.9 18871.9
36 24.9026 61567.6 17624.9
37 24.9026 57206.6 17515.8
38 24.9026 57206.6 17515.8
39 24.9026 57206.6 17515.8
40 24.9026 57206.6 17515.8
41 24.9026 57206.6 17515.8
42 24.9026 57206.6 17515.8
43 24.9026 57206.6 17515.8
44 24.9026 56114.9 16620.4
45 24.9026 56114.9 16620.4
46 24.9026 48358.6 15534.5
47 24.9026 48358.6 15534.5
48 24.9026 44947.4 14578.4
49 24.9026 44947.4 14578.4
50 24.9026 44947.4 14578.4
51 24.9026 44947.4 14578.4
52 24.9026 44947.4 14578.4
53 24.9026 39411.1 13805.3
54 24.9026 39411.1 13805.3
55 24.9026 38025.1 13777.6
56 24.9026 38025.1 13777.6
57 24.9026 38025.1 13777.6
58 24.9026 38025.1 13777.6
59 24.9026 38025.1 13777.6
60 24.9026 38025.1 13777.6
61 24.9026 38025.1 13777.6
62 24.9026 38025.1 13777.6
63 24.9026 38025.1 13777.6
64 24.9026 38025.1 13777.6
65 24.9026 37406.1 13082.3
66 24.9026 37406.1 13082.3
67 24.9026 35707.5 12604.8
68 24.9026 33810.1 12263.1
69 24.9026 33810.1 12263.1
70 24.9026 33810.1 12263.1
71 24.9026 33810.1 12263.1
72 24.9026 33810.1 12263.1
73 24.9026 33810.1 12263.1
74 24.9026 33810.1 12263.1
75 24.9026 33810.1 12263.1
76 24.9026 33810.1 12263.1
77 24.9026 33810.1 12263.1
78 12.6071 32346.7 11587.1
79 12.6071 32346.7 11587.1
80 12.6071 32346.7 11587.1
81 12.6071 32346.7 11587.1
82 12.6071 32346.7 11587.1
83 12.6071 31977.5 11492.3
84 12.6071 31977.5 11492.3
85 12.6071 31977.5 11492.3
86 12.6071 31977.5 11492.3
87 12.6071 31298.8 10964.2
88 12.6071 31298.8 10964.2
89 12.6071 31298.8 10964.2
90 12.6071 31298.8 10964.2
91 12.6071 31298.8 10964.2
92 12.6071 30572 10869.8
93 12.6071 30572 10869.8
94 12.6071 30572 10869.8
95 12.6071 30572 10869.8
96 12.6071 30572 10869.8
97 12.6071 30572 10869.8
98 12.6071 29945 10268.9
99 12.6071 29945 10268.9
100 12.6071 29945 10268.9
101 12.6071 29945 10268.9
102 12.6071 29945 10268.9
103 12.6071 29945 10268.9
104 12.6071 29945 10268.9
105 12.6071 29945 10268.9
106 12.6071 29945 10268.9
107 12.6071 28703.1 10179.8
108 12.6071 28703.1 10179.8
109 12.6071 27604.1 10065.1
110 12.6071 27604.1 10065.1
111 12.6071 27604.1 10065.1
112 12.6071 27604.1 10065.1
113 12.6071 27604.1 10065.1
114 12.6071 27604.1 10065.1
115 12.6071 27604.1 10065.1
116 12.6071 27604.1 10065.1
117 12.6071 27604.1 10065.1
118 12.6071 27604.1 10065.1
119 12.6071 27604.1 10065.1
120 12.6071 27604.1 10065.1
121 12.6071 27604.1 10065.1
122 12.6071 27604.1 10065.1
123 12.6071 27604.1 10065.1
124 12.6071 27604.1 10065.1
125 12.6071 27604.1 10065.1
126 12.6071 27604.1 10065.1
127 12.6071 27604.1 10065.1
128 12.6071 27604.1 10065.1
129 12.6071 27604.1 10065.1
130 12.6071 27604.1 10065.1
131 12.6071 27604.1 10065.1
132 12.6071 27195 9776.39
133 12.6071 27195 9776.39
134 12.6071 27195 9776.39
135 12.6071 27195 9776.39
136 12.6071 27195 9776.39
137 12.6071 27195 9776.39
138 12.6071 27195 9776.39
139 12.6071 27195 9776.39
140 12.6071 26575.2 9477.29
141 12.6071 26008.2 8969.81
142 12.6071 26008.2 8969.81
143 12.6071 26008.2 8969.81
144 12.6071 26008.2 8969.81
145 12.6071 26008.2 8969.81
146 12.6071 26008.2 8969.81
147 12.6071 26008.2 8969.81
148 12.6071 26008.2 8969.81
149 12.6071 26008.2 8969.81
150 12.6071 25489.4 8604.46
151 12.6071 25489.4 8604.46
152 12.6071 25489.4 8604.46
153 12.6071 25489.4 8604.46
154 12.6071 25489.4 8604.46
155 12.6071 25408.8 8204.52
156 12.6071 25408.8 8204.52
157 12.6071 25408.8 8204.52
158 12.6071 23280.3 7699.93
159 12.6071 23280.3 7699.93
160 12.6071 23280.3 7699.93
161 12.6071 22969.8 7272.86
162 12.6071 22969.8 7272.86
163 12.6071 22969.8 7272.86
164 12.6071 22969.8 7272.86
165 12.6071 22969.8 7272.86
166 12.6071 22969.8 7272.86
167 12.6071 22969.8 7272.86
168 12.6071 22969.8 7272.86
169 12.6071 22969.8 7272.86
170 12.6071 22969.8 7272.86
171 12.6071 22969.8 7272.86
172 12.6071 22969.8 7272.86
173 12.6071 22969.8 7272.86
174 12.6071 22969.8 7272.86
175 12.6071 22969.8 7272.86
176 12.6071 22969.8 7272.86
177 12.6071 21792.8 6814.35
178 12.6071 21792.8 6814.35
179 12.6071 20533.3 6782.34
180 12.6071 20533.3 6782.34
181 12.6071 20533.3 6782.34
182 12.6071 20533.3 6782.34
183 12.6071 20533.3 6782.34
184 12.6071 20533.3 6782.34
185 12.6071 20533.3 6782.34
186 12.6071 20533.3 6782.34
187 12.6071 20533.3 6782.34
188 12.6071 20533.3 6782.34
189 12.6071 20533.3 6782.34
190 12.6071 20192.3 6472.4
191 12.6071 20192.3 6472.4
192 12.6071 20192.3 6472.4
193 12.6071 20192.3 6472.4
194 12.6071 20192.3 6472.4
195 12.6071 20192.3 6472.4
196 12.6071 20192.3 6472.4
197 12.6071 20192.3 6472.4
198 12.6071 19430 6264.01
199 12.6071 19261.2 5937.42
200 12.6071 19261.2 5937.42
201 12.6071 19261.2 5937.42
202 12.6071 19261.2 5937.42
203 12.6071 19261.2 5937.42
204 12.6071 19261.2 5937.42
205 12.6071 19261.2 5937.42
206 12.6071 19261.2 5937.42
207 12.6071 19261.2 5937.42
208 12.6071 19261.2 5937.42
209 12.6071 19261.2 5937.42
210 12.6071 18620.2 5561.31
211 12.6071 18620.2 5561.31
212 12.6071 16898.2 5194.51
213 12.6071 16898.2 5194.51
214 12.6071 16898.2 5194.51
215 12.6071 16898.2 5194.51
216 12.6071 16898.2 5194.51
217 12.6071 16387.1 4987.97
218 12.6071 16387.1 4987.97
219 12.6071 16387.1 4987.97
220 12.6071 13907.8 4809.69
221 12.6071 13907.8 4809.69
222 12.6071 13907.8 4809.69
223 12.6071 13907.8 4809.69
224 12.6071 13907.8 4809.69
225 12.6071 13907.8 4809.69
226 12.6071 13907.8 4809.69
227 12.6071 13531.6 4565.35
228 12.6071 13531.6 4565.35
229 12.6071 13531.6 4565.35
230 12.6071 13168.2 4403.53
231 12.6071 12431.9 4150.05
232 12.6071 12431.9 4150.05
233 12.6071 12431.9 4150.05
234 12.6071 12240.1 3977.43
235 12.6071 12240.1 3977.43
236 12.6071 12240.1 3977.43
237 12.6071 12240.1 3977.43
238 12.6071 12240.1 3977.43
239 12.6071 12240.1 3977.43
240 12.6071 12240.1 3977.43
241 12.6071 12240.1 3977.43
242 12.6071 12240.1 3977.43
243 12.6071 12240.1 3977.43
244 12.6071 12240.1 3977.43
245 12.6071 12240.1 3977.43
246 12.6071 12240.1 3977.43
247 12.6071 12240.1 3977.43
248 12.6071 12240.1 3977.43
249 12.6071 12240.1 3977.43
250 12.6071 12240.1 3977.43
251 12.6071 12240.1 3977.43
252 12.6071 12240.1 3977.43
253 12.6071 12240.1 3977.43
254 12.6071 12188.9 3976.41
255 12.6071 12188.9 3976.41
256 12.6071 12188.9 3976.41
257 12.6071 12188.9 3976.41
258 12.6071 12188.9 3976.41
259 12.6071 12188.9 3976.41
260 12.6071 12188.9 3976.41
261 12.6071 12188.9 3976.41
262 12.6071 12188.9 3976.41
263 12.6071 12017.4 3956.9
264 12.6071 12017.4 3956.9
265 12.6071 12017.4 3956.9
266 12.6071 12017.4 3956.9
267 12.6071 11732.9 3720.65
268 12.6071 11732.9 3720.65
269 12.6071 11732.9 3720.65
270 12.6071 11732.9 3720.65
271 12.6071 11732.9 3720.65
272 12.6071 11732.9 3720.65
273 12.6071 11732.9 3720.65
274 12.6071 11732.9 3720.65
275 12.6071 11732.9 3720.65
276 12.6071 11732.9 3720.65
277 12.6071 11732.9 3720.65
278 12.6071 11213.8 3621.83
279 12.6071 11213.8 3621.83
280 12.6071 11213.8 3621.83
281 12.6071 11213.8 3621.83
282 12.6071 11213.8 3621.83
283 5.41423 10806.5 3397.67
284 5.41423 10806.5 3397.67
285 5.41423 10806.5 3397.67
286 5.41423 9772.93 3184.1
287 5.41423 9772.93 3184.1
288 5.41423 8990.32 3007.87
289 5.41423 8990.32 3007.87
290 5.41423 8990.32 3007.87
291 5.41423 8990.32 3007.87
292 5.41423 8990.32 3007.87
293 5.41423 8990.32 3007.87
294 5.41423 8990.32 3007.87
295 5.41423 8990.32 3007.87
296 5.41423 8990.32 3007.87
297 5.41423 8421.39 2856.22
298 5.41423 8421.39 2856.22
299 5.41423 8421.39 2856.22
300 5.41423 8421.39 2856.22
301 5.41423 8421.39 2856.22
302 5.41423 8421.39 2856.22
303 5.41423 8421.39 2856.22
304 5.41423 8421.39 2856.22
305 5.41423 8421.39 2856.22
306 5.41423 8421.39 2856.22
307 5.41423 8421.39 2856.22
308 5.41423 8421.39 2856.22
309 5.41423 7740.66 2792.24
310 5.41423 7740.66 2792.24
311 5.41423 7740.66 2792.24
312 5.41423 7740.66 2792.24
313 5.41423 7740.66 2792.24
314 5.41423 7740.66 2792.24
315 5.41423 7473 2638.49
316 5.41423 7473 2638.49
317 5.41423 7473 2638.49
318 5.41423 7473 2638.49
319 5.41423 7473 2638.49
320 5.41423 6792.34 2606.22
321 5.41423 6792.34 2606.22
322 5.41423 6792.34 2606.22
323 5.41423 6792.34 2606.22
324 5.41423 6792.34 2606.22
325 5.41423 6792.34 2606.22
326 5.41423 6792.34 2606.22
327 5.41423 6792.34 2606.22
328 5.41423 6792.34 2606.22
329 5.41423 6792.34 2606.22
330 5.41423 6792.12 2576.98
331 5.41423 6571.11 2487.92
332 5.41423 6292.16 2384.7
333 5.41423 6292.16 2384.7
334 5.41423 6292.16 2384.7
335 5.41423 6292.16 2384.7
336 5.41423 5878 2341.81
337 5.41423 5878 2341.81
338 5.41423 5878 2341.81
339 5.41423 5878 2341.81
340 5.41423 5859.21 2298.23
341 5.41423 5859.21 2298.23
342 5.41423 5859.21 2298.23
343 5.41423 5859.21 2298.23
344 5.41423 5859.21 2298.23
345 5.41423 5632.78 2188.83
346 5.41423 5632.78 2188.83
347 5.41423 5632.78 2188.83
348 5.41423 5632.78 2188.83
349 5.41423 5576.43 2122.8
350 5.41423 5576.43 2122.8
351 5.41423 5576.43 2122.8
352 5.41423 5576.43 2122.8
353 5.41423 5492.47 2078.19
354 5.41423 5492.47 2078.19
355 5.41423 5492.47 2078.19
356 5.41423 5492.47 2078.19
357 5.41423 5492.47 2078.19
358 5.41423 5492.47 2078.19
359 5.41423 5492.47 2078.19
360 5.41423 5492.47 2078.19
361 5.41423 5492.47 2078.19
362 5.41423 5492.47 2078.19
363 5.41423 5492.47 2078.19
364 5.41423 5492.47 2078.19
365 5.41423 5492.47 2078.19
366 5.41423 5492.47 2078.19
367 5.41423 5492.47 2078.19
368 5.41423 5492.47 2078.19
369 5.41423 5492.47 2078.19
370 5.41423 5492.47 2078.19
371 5.41423 5492.47 2078.19
372 5.41423 5492.47 2078.19
373 5.41423 5492.47 2078.19
374 5.41423 5492.47 2078.19
375 5.41423 5492.47 2078.19
376 5.41423 5492.47 2078.19
377 5.41423 5492.47 2078.19
378 5.41423 5492.47 2078.19
379 5.41423 5492.47 2078.19
380 5.41423 5492.47 2078.19
381 5.41423 5440.89 2073.45
382 5.41423 5330.3 1971.02
383 5.41423 5255.54 1865.53
384 5.41423 5255.54 1865.53
385 5.41423 5255.54 1865.53
386 5.41423 5255.54 1865.53
387 5.41423 5255.54 1865.53
388 5.41423 5255.54 1865.53
389 5.41423 5222.78 1763.57
390 5.41423 5222.78 1763.57
391 5.41423 5222.78 1763.57
392 5.41423 5222.78 1763.57
393 5.41423 5222.78 1763.57
394 5.41423 5222.78 1763.57
395 5.41423 5222.78 1763.57
396 5.41423 5222.78 1763.57
397 5.41423 5110.98 1664.93
398 5.41423 5110.98 1664.93
399 5.41423 5110.98 1664.93
400 5.41423 5110.98 1664.93
401 5.41423 5110.98 1664.93
402 5.41423 5110.98 1664.93
403 5.41423 5110.98 1664.93
404 5.41423 5110.98 1664.93
405 5.41423 5110.98 1664.93
406 4.66448 5036.18 1562.81
407 4.66448 5036.18 1562.81
408 4.66448 4646 1511.02
409 4.66448 4646 1511.02
410 4.66448 4646 1511.02
411 4.66448 4646 1511.02
412 4.66448 4646 1511.02
413 4.66448 4646 1511.02
414 4.66448 4646 1511.02
415 4.66448 4646 1511.02
416 4.66448 4646 1511.02
417 4.66448 4646 1511.02
418 4.66448 4646 1511.02
419 4.66448 4646 1511.02
420 4.66448 4646 1511.02
421 4.66448 4646 1511.02
422 4.66448 4646 1511.02
423 4.66448 4646 1511.02
424 4.66448 4646 1511.02
425 4.66448 4635.38 1449.95
426 4.66448 4364.95 1399.6
427 4.66448 4364.95 1399.6
428 4.66448 4148.01 1358.75
429 4.66448 4148.01 1358.75
430 4.66448 4148.01 1358.75
431 4.66448 4148.01 1358.75
432 4.66448 4139.15 1289.07
433 4.66448 4139.15 1289.07
434 4.66448 4139.15 1289.07
435 4.66448 4139.15 1289.07
436 4.66448 4139.15 1289.07
437 4.66448 4139.15 1289.07
438 4.66448 3894.35 1206.91
439 4.66448 3894.35 1206.91
440 4.66448 3848.14 1205.99
441 4.66448 3848.14 1205.99
442 4.66448 3848.14 1205.99
443 4.66448 3848.14 1205.99
444 4.66448 3848.14 1205.99
445 4.66448 3848.14 1205.99
446 4.66448 3800.77 1148.69
447 4.66448 3699.07 1117.96
448 4.66448 3699.07 1117.96
449 4.66448 3699.07 1117.96
450 4.66448 3699.07 1117.96
451 4.66448 3699.07 1117.96
452 4.66448 3346.09 1105.63
453 4.66448 3346.09 1105.63
454 4.66448 3260.28 1103.85
455 4.66448 3260.28 1103.85
456 4.66448 3257.17 1050.63
457 4.66448 3257.17 1050.63
458 4.66448 3257.17 1050.63
459 4.66448 3257.17 1050.63
460 4.66448 3257.17 1050.63
461 4.66448 3257.17 1050.63
462 4.66448 3257.17 1050.63
463 4.66448 3100.37 992.033
464 4.66448 3082.45 930.626
465 4.66448 3082.45 930.626
466 4.66448 3082.45 930.626
467 4.66448 3082.45 930.626
468 4.66448 3082.45 930.626
469 4.66448 3082.45 930.626
470 4.66448 3082.45 930.626
471 4.66448 3082.45 930.626
472 4.66448 3082.45 930.626
473 4.66448 3082.45 930.626
474 4.66448 3082.45 930.626
475 4.66448 3082.45 930.626
476 4.66448 3082.45 930.626
477 4.66448 3082.45 930.626
478 4.66448 3082.45 930.626
479 4.66448 3052.38 883.817
480 4.66448 3052.38 883.817
481 4.66448 2694.25 848.899
482 4.66448 2694.25 848.899
483 4.66448 2694.25 848.899
484 4.66448 2694.25 848.899
485 4.66448 2694.25 848.899
486 4.66448 2694.25 848.899
487 4.66448 2694.25 848.899
488 4.66448 2446.69 822.139
489 4.66448 2446.69 822.139
490 4.66448 2446.69 822.139
491 4.66448 2339.49 785.284
492 4.66448 2331.08 761.576
493 4.66448 2331.08 761.576
494 4.66448 2331.08 761.576
495 4.66448 2331.08 761.576
496 4.66448 2331.08 761.576
497 4.66448 2331.08 761.576
498 4.66448 2322.16 716.399
499 1.57673 2264.28 669.988
500 1.57673 2264.28 669.988
501 1.57673 2117.98 632.516
502 1.57673 2117.98 632.516
503 1.57673 1926.64 603.126
504 1.57673 1926.64 603.126
505 1.57673 1926.64 603.126
506 1.57673 1926.64 603.126
507 1.57673 1926.64 603.126
508 1.57673 1926.64 603.126
509 1.57673 1926.64 603.126
510 1.57673 1926.64 603.126
511 1.57673 1926.64 603.126
512 1.57673 1824.09 595.063
513 1.57673 1772.18 588.35
514 1.57673 1772.18 588.35
515 1.57673 1772.18 588.35
516 1.57673 1772.18 588.35
517 1.57673 1772.18 588.35
518 1.57673 1772.18 588.35
519 1.57673 1690.84 553.314
520 1.57673 1690.84 553.314
521 1.57673 1690.84 553.314
522 1.57673 1690.84 553.314
523 1.57673 1690.84 553.314
524 1.57673 1690.84 553.314
525 1.57673 1690.84 553.314
526 1.57673 1592.69 522.013
527 1.57673 1523.48 520.298
528 1.57673 1523.48 520.298
529 1.57673 1523.48 520.298
530 1.57673 1523.48 520.298
531 1.57673 1523.48 520.298
532 1.57673 1506.95 499.862
533 1.57673 1506.95 499.862
534 1.57673 1506.95 499.862
535 1.57673 1488.45 473.704
536 1.57673 1488.45 473.704
537 1.57673 1488.45 473.704
538 1.57673 1488.45 473.704
539 1.57673 1488.45 473.704
540 1.57673 1488.45 473.704
541 1.57673 1488.45 473.704
542 1.57673 1488.45 473.704
543 1.57673 1488.45 473.704
544 1.57673 1488.45 473.704
545 1.57673 1409.73 460.649
546 1.57673 1409.73 460.649
547 1.57673 1407.84 438.409
548 1.57673 1407.84 438.409
549 1.57673 1407.84 438.409
550 1.57673 1356.28 411.921
551 1.57673 1306.44 391.048
552 1.57673 1306.44 391.048
553 1.57673 1200.98 377.092
554 1.57673 1200.98 377.092
555 1.57673 1200.98 377.092
556 1.57673 1200.98 377.092
557 1.57673 1200.98 377.092
558 1.57673 1200.98 377.092
559 1.57673 1200.98 377.092
560 1.57673 1200.98 377.092
561 1.57673 1154.1 360.152
562 1.57673 1154.1 360.152
563 1.57673 1154.1 360.152
564 1.57673 1154.1 360.152
565 1.57673 983.194 337.661
566 1.57673 961.116 323.044
567 1.57673 961.116 323.044
568 1.57673 961.116 323.044
569 1.57673 961.116 323.044
570 1.57673 961.116 323.044
571 1.57673 961.116 323.044
572 1.57673 961.116 323.044
573 1.57673 961.116 323.044
574 1.57673 851.684 309.029
575 1.57673 851.684 309.029
576 1.57673 851.684 309.029
577 1.57673 851.684 309.029
578 1.57673 851.684 309.029
579 1.57673 851.684 309.029
580 1.57673 851.684 309.029
581 1.57673 851.684 309.029
582 1.57673 851.684 309.029
583 1.57673 851.684 309.029
584 1.57673 835.699 298.336
585 1.57673 835.699 298.336
586 1.57673 835.699 298.336
587 1.57673 835.699 298.336
588 1.57673 835.699 298.336
589 1.57673 835.699 298.336
590 1.57673 835.699 298.336
591 1.57673 835.699 298.336
592 1.57673 835.699 298.336
593 1.57673 835.699 298.336
594 1.57673 835.699 298.336
595 1.57673 835.699 298.336
596 1.57673 815.995 287.779
597 1.57673 815.995 287.779
598 1.57673 815.995 287.779
599 1.57673 815.995 287.779
600 1.57673 815.995 287.779
601 1.57673 742.003 271.86
602 1.57673 742.003 271.86
603 1.57673 664.208 267.835
604 1.57673 664.208 267.835
605 1.57673 664.208 267.835
606 1.57673 664.208 267.835
607 1.57673 664.208 267.835
608 1.57673 664.208 267.835
609 1.57673 648.473 264.16
610 1.57673 648.473 264.16
611 1.57673 648.473 264.16
612 1.57673 648.473 264.16
613 1.57673 648.473 264.16
614 1.57673 648.473 264.16
615 1.57673 648.473 264.16
616 1.57673 648.473 264.16
617 1.57673 648.473 264.16
618 1.57673 648.473 264.16
619 1.57673 648.473 264.16
620 1.57673 648.473 264.16
621 1.57673 648.473 264.16
622 1.57673 648.473 264.16
623 1.57673 648.473 264.16
624 1.57673 648.473 264.16
625 1.57673 648.473 264.16
626 1.57673 648.473 264.16
627 1.57673 648.473 264.16
628 1.57673 608.64 256.827
629 1.57673 608.64 256.827
630 1.57673 608.64 256.827
631 1.57673 608.64 256.827
632 1.57673 608.64 256.827
633 1.57673 604.109 253.977
634 1.57673 604.109 253.977
635 1.57673 604.109 253.977
636 1.57673 604.109 253.977
637 1.57673 604.109 253.977
638 1.57673 603.952 242.944
639 1.57673 603.952 242.944
640 1.57673 603.952 242.944
641 1.57673 599.443 231.155
642 1.57673 553.068 227.08
643 1.57673 553.068 227.08
644 1.57673 553.068 227.08
645 1.57673 553.068 227.08
646 1.57673 553.068 227.08
647 1.57673 553.068 227.08
648 1.57673 553.068 227.08
649 1.57673 553.068 227.08
650 1.57673 553.068 227.08
651 1.57673 553.068 227.08
652 1.57673 540.771 216.775
653 1.57673 540.771 216.775
654 1.57673 540.771 216.775
655 1.57673 540.771 216.775
656 1.57673 540.771 216.775
657 1.57673 540.771 216.775
658 1.57673 540.771 216.775
659 1.57673 527.71 211.983
660 1.57673 527.71 211.983
661 1.57673 527.71 211.983
662 1.57673 501.706 209.064
663 1.57673 501.706 209.064
664 1.57673 501.706 209.064
665 1.57673 494.086 199.08
666 1.57673 494.086 199.08
667 1.57673 494.086 199.08
668 1.57673 494.086 199.08
669 1.57673 494.086 199.08
670 1.57673 494.086 199.08
671 1.57673 480.469 191.665
672 1.57673 480.469 191.665
673 1.57673 480.469 191.665
674 1.57673 480.469 191.665
675 1.57673 466.171 185.186
676 1.57673 466.171 185.186
677 1.57673 466.171 185.186
678 1.57673 466.171 185.186
679 1.57673 466.171 185.186
680 1.57673 466.171 185.186
681 1.57673 466.171 185.186
682 1.57673 466.171 185.186
683 1.57673 466.171 185.186
684 1.57673 466.171 185.186
685 1.57673 455.605 183.334
686 1.57673 395.682 176.528
687 1.57673 395.682 176.528
688 1.57673 395.682 176.528
689 1.57673 395.682 176.528
690 1.57673 395.682 176.528
691 1.57673 395.682 176.528
692 1.57673 395.682 176.528
693 1.57673 395.682 176.528
694 1.57673 395.682 176.528
695 1.57673 390.685 174.799
696 1.57673 390.685 174.799
697 1.57673 390.685 174.799
698 1.57673 389.229 167.082
699 1.57673 389.229 167.082
700 1.57673 389.229 167.082
701 1.57673 389.229 167.082
702 1.57673 389.229 167.082
703 1.57673 389.229 167.082
704 1.57673 388.587 159.594
705 1.57673 388.587 159.594
706 1.57673 388.587 159.594
707 1.57673 388.587 159.594
708 1.57673 388.587 159.594
709 1.57673 388.587 159.594
710 1.57673 388.587 159.594
711 1.57673 388.587 159.594
712 1.57673 388.587 159.594
713 1.57673 388.587 159.594
714 1.57673 388.587 159.594
715 1.57673 388.587 159.594
716 1.57673 381.744 153.719
717 1.57673 381.744 153.719
718 1.57673 381.744 153.719
719 1.57673 381.744 153.719
720 1.57673 381.744 153.719
721 1.57673 381.744 153.719
722 1.57673 381.744 153.719
723 1.57673 381.744 153.719
724 1.57673 381.744 153.719
725 1.57673 381.744 153.719
726 1.57673 373.598 146.142
727 1.57673 373.598 146.142
728 1.57673 373.598 146.142
729 1.57673 373.598 146.142
730 1.57673 373.598 146.142
731 1.57673 353.97 141.107
732 1.57673 353.97 141.107
733 1.57673 353.97 141.107
734 1.57673 353.97 141.107
735 1.57673 353.97 141.107
736 1.57673 353.97 141.107
737 1.57673 353.97 141.107
738 1.57673 353.97 141.107
739 1.57673 353.97 141.107
740 1.57673 353.97 141.107
741 1.57673 353.97 141.107
742 1.57673 353.97 141.107
743 1.57673 353.97 141.107
744 1.57673 353.97 141.107
745 1.57673 353.97 141.107
746 1.57673 353.97 141.107
747 1.57673 353.97 141.107
748 1.57673 353.97 141.107
749 1.57673 353.97 141.107
750 1.57673 353.97 141.107
751 1.57673 353.97 141.107
752 1.57673 353.97 141.107
753 1.57673 353.97 141.107
754 1.57673 353.97 141.107
755 1.57673 353.97 141.107
756 1.57673 353.97 141.107
757 1.57673 353.97 141.107
758 1.57673 353.97 141.107
759 1.57673 353.97 141.107
760 1.57673 353.97 141.107
761 1.57673 353.97 141.107
762 1.57673 353.97 141.107
763 1.57673 353.97 141.107
764 1.57673 353.97 141.107
765 1.57673 353.97 141.107
766 1.57673 353.97 141.107
767 1.57673 353.97 141.107
768 1.57673 353.97 141.107
769 1.57673 340.313 135.695
770 1.57673 340.313 135.695
771 1.57673 340.313 135.695
772 1.57673 340.313 135.695
773 1.57673 340.313 135.695
774 1.57673 327.135 132.002
775 1.57673 327.135 132.002
776 1.57673 319.02 129.829
777 1.57673 319.02 129.829
778 1.57673 319.02 129.829
779 1.57673 319.02 129.829
780 1.57673 317.045 126.16
781 1.57673 312.603 121.385
782 1.57673 312.603 121.385
783 1.57673 312.603 121.385
784 1.57673 309.204 115.178
785 1.57673 307.839 109.418
786 1.57673 307.839 109.418
787 1.57673 307.07 109.403
788 1.57673 301.15 103.904
789 1.57673 301.15 103.904
790 1.57673 297.702 99.8841
791 1.57673 297.702 99.8841
792 1.57673 297.702 99.8841
793 1.57673 297.702 99.8841
794 1.57673 297.702 99.8841
795 1.57673 297.702 99.8841
796 1.57673 297.702 99.8841
797 1.57673 297.702 99.8841
798 1.57673 297.702 99.8841
799 1.57673 297.702 99.8841
800 1.57673 297.702 99.8841
801 1.57673 297.702 99.8841
802 1.57673 297.702 99.8841
803 1.57673 297.702 99.8841
804 1.57673 297.702 99.8841
805 1.57673 297.702 99.8841
806 1.57673 297.702 99.8841
807 1.57673 297.702 99.8841
808 1.57673 297.702 99.8841
809 1.57673 297.702 99.8841
810 1.57673 297.702 99.8841
811 1.57673 290.641 94.6805
812 1.57673 290.641 94.6805
813 1.57673 281.795 89.6001
814 1.57673 281.795 89.6001
815 1.57673 281.795 89.6001
816 1.57673 281.795 89.6001
817 1.57673 281.795 89.6001
818 1.57673 280.213 87.3581
819 1.57673 280.213 87.3581
820 1.57673 280.213 87.3581
821 1.57673 280.213 87.3581
822 1.57673 280.213 87.3581
823 1.57673 280.213 87.3581
824 1.57673 280.213 87.3581
825 1.57673 260.351 82.2714
826 1.57673 252.35 77.1517
827 1.57673 252.35 77.1517
828 1.57673 252.35 77.1517
829 1.57673 252.35 77.1517
830 1.57673 252.35 77.1517
831 1.57673 252.35 77.1517
832 1.57673 252.35 77.1517
833 1.57673 252.35 77.1517
834 1.57673 252.35 77.1517
835 1.57673 252.35 77.1517
836 1.57673 252.35 77.1517
837 1.57673 252.35 77.1517
838 1.57673 252.35 77.1517
839 1.57673 252.35 77.1517
840 1.57673 252.35 77.1517
841 1.57673 252.35 77.1517
842 1.57673 252.35 77.1517
843 1.57673 252.35 77.1517
844 1.57673 252.35 77.1517
845 1.57673 252.35 77.1517
846 1.57673 252.35 77.1517
847 1.57673 249.84 72.1402
848 1.57673 249.84 72.1402
849 1.57673 249.84 72.1402
850 1.57673 249.84 72.1402
851 1.57673 249.84 72.1402
852 1.57673 249.84 72.1402
853 1.57673 249.84 72.1402
854 1.57673 234.257 71.8285
855 1.57673 234.257 71.8285
856 1.57673 234.257 71.8285
857 1.57673 234.257 71.8285
858 1.57673 234.257 71.8285
859 1.57673 234.257 71.8285
860 1.57673 234.257 71.8285
861 1.57673 234.257 71.8285
862 1.57673 234.257 71.8285
863 1.57673 234.257 71.8285
864 1.57673 234.257 71.8285
865 1.57673 219.777 71.5389
866 1.57673 219.777 71.5389
867 1.57673 219.777 71.5389
868 1.57673 219.777 71.5389
869 1.57673 219.777 71.5389
870 1.57673 219.777 71.5389
871 1.57673 219.777 71.5389
872 1.57673 218.46 69.2382
873 1.57673 218.46 69.2382
874 1.57673 218.46 69.2382
875 1.57673 218.46 69.2382
876 1.57673 218.46 69.2382
877 1.57673 218.46 69.2382
878 1.57673 218.46 69.2382
879 1.57673 218.46 69.2382
880 1.57673 218.46 69.2382
881 1.57673 204.721 65.338
882 1.57673 204.721 65.338
883 1.57673 204.721 65.338
884 1.57673 204.721 65.338
885 1.57673 204.721 65.338
886 1.57673 204.721 65.338
887 1.57673 204.721 65.338
888 1.57673 204.721 65.338
889 1.57673 204.721 65.338
890 1.57673 204.721 65.338
891 1.57673 204.721 65.338
892 1.57673 204.721 65.338
893 1.57673 204.721 65.338
894 1.57673 204.721 65.338
895 1.57673 199.048 61.3181
896 1.57673 199.048 61.3181
897 1.57673 179.589 57.9209
898 0.280374 169.691 54.3347
899 0.280374 169.691 54.3347
900 0.280374 169.691 54.3347
901 0.280374 169.691 54.3347
902 0.280374 169.691 54.3347
903 0.280374 169.691 54.3347
904 0.280374 169.691 54.3347
905 0.280374 169.691 54.3347
906 0.280374 157.532 51.1173
907 0.280374 157.532 51.1173
908 0.280374 156.521 48.5516
909 0.280374 156.521 48.5516
910 0.280374 155.695 46.7624
911 0.280374 155.695 46.7624
912 0.280374 155.695 46.7624
913 0.280374 155.695 46.7624
914 0.280374 155.695 46.7624
915 0.280374 155.695 46.7624
916 0.280374 155.695 46.7624
917 0.280374 155.695 46.7624
918 0.280374 155.695 46.7624
919 0.280374 155.695 46.7624
920 0.280374 155.695 46.7624
921 0.280374 155.695 46.7624
922 0.280374 155.695 46.7624
923 0.280374 155.695 46.7624
924 0.280374 155.695 46.7624
925 0.280374 155.695 46.7624
926 0.280374 155.695 46.7624
927 0.280374 155.695 46.7624
928 0.280374 155.695 46.7624
929 0.280374 155.695 46.7624
930 0.280374 155.695 46.7624
931 0.280374 155.695 46.7624
932 0.280374 155.695 46.7624
933 0.280374 155.695 46.7624
934 0.280374 155.695 46.7624
935 0.280374 155.695 46.7624
936 0.280374 155.695 46.7624
937 0.280374 155.695 46.7624
938 0.280374 155.695 46.7624
939 0.280374 155.695 46.7624
940 0.280374 155.695 46.7624
941 0.280374 155.695 46.7624
942 0.280374 155.695 46.7624
943 0.280374 155.695 46.7624
944 0.280374 155.695 46.7624
945 0.280374 155.695 46.7624
946 0.280374 135.555 43.7298
947 0.280374 135.555 43.7298
948 0.280374 135.555 43.7298
949 0.280374 135.555 43.7298
950 0.280374 135.555 43.7298
951 0.280374 135.555 43.7298
952 0.280374 135.555 43.7298
953 0.280374 135.555 43.7298
954 0.280374 135.555 43.7298
955 0.280374 135.555 43.7298
956 0.280374 135.555 43.7298
957 0.280374 135.555 43.7298
958 0.280374 135.555 43.7298
959 0.280374 135.555 43.7298
960 0.280374 128.323 42.0885
961 0.280374 128.323 42.0885
962 0.280374 128.323 42.0885
963 0.280374 128.323 42.0885
964 0.280374 128.323 42.0885
965 0.280374 128.323 42.0885
966 0.280374 128.323 42.0885
967 0.280374 125.771 39.5548
968 0.280374 125.771 39.5548
969 0.280374 125.771 39.5548
970 0.280374 123.327 37.2758
971 0.280374 123.327 37.2758
972 0.280374 123.327 37.2758
973 0.280374 123.327 37.2758
974 0.280374 123.327 37.2758
975 0.280374 123.327 37.2758
976 0.280374 123.327 37.2758
977 0.280374 123.327 37.2758
978 0.280374 123.327 37.2758
979 0.280374 123.327 37.2758
980 0.280374 123.327 37.2758
981 0.280374 123.327 37.2758
982 0.280374 121.829 35.5655
983 0.280374 121.829 35.5655
984 0.280374 121.829 35.5655
985 0.280374 121.829 35.5655
986 0.280374 121.829 35.5655
987 0.280374 121.829 35.5655
988 0.280374 121.829 35.5655
989 0.280374 121.829 35.5655
990 0.280374 121.829 35.5655
991 0.280374 121.829 35.5655
992 0.280374 115.32 34.3666
993 0.280374 115.32 34.3666
994 0.280374 115.32 34.3666
995 0.280374 115.32 34.3666
996 0.280374 115.32 34.3666
997 0.280374 115.32 34.3666
998 0.280374 115.32 34.3666
999 0.280374 115.32 34.3666
1000 0.280374 115.32 34.3666
1001 0.280374 115.32 34.3666
1002 0.280374 115.32 34.3666
1003 0.280374 104.742 32.6982
1004 0.280374 104.742 32.6982
1005 0.280374 104.742 32.6982
1006 0.280374 104.742 32.6982
1007 0.280374 104.742 32.6982
1008 0.280374 104.742 32.6982
1009 0.280374 100.147 31.0707
1010 0.280374 100.147 31.0707
1011 0.280374 100.147 31.0707
1012 0.280374 94.8325 29.2444
1013 0.280374 94.8325 29.2444
1014 0.280374 94.8325 29.2444
1015 0.280374 94.8325 29.2444
1016 0.280374 94.8325 29.2444
1017 0.280374 83.4654 27.5132
1018 0.280374 83.3518 27.2684
1019 0.280374 83.3518 27.2684
1020 0.280374 83.3518 27.2684
1021 0.280374 83.3518 27.2684
1022 0.280374 78.3027 25.675
1023 0.280374 78.3027 25.675
1024 0.280374 78.3027 25.675
1025 0.280374 72.2276 24.1282
1026 0.280374 72.2276 24.1282
1027 0.280374 72.2276 24.1282
1028 0.280374 72.2276 24.1282
1029 0.280374 72.2276 24.1282
1030 0.280374 71.2244 22.7883
1031 0.280374 71.2244 22.7883
1032 0.280374 67.0605 21.3752
1033 0.280374 67.0605 21.3752
1034 0.280374 67.0605 21.3752
1035 0.280374 67.0605 21.3752
1036 0.280374 67.0605 21.3752
1037 0.280374 67.0605 21.3752
1038 0.280374 67.0605 21.3752
1039 0.280374 67.0605 21.3752
1040 0.280374 67.0605 21.3752
1041 0.280374 67.0605 21.3752
1042 0.280374 67.0605 21.3752
1043 0.280374 67.0605 21.3752
1044 0.280374 67.0605 21.3752
1045 0.280374 67.0605 21.3752
1046 0.280374 67.0605 21.3752
1047 0.280374 67.0605 21.3752
1048 0.280374 67.0605 21.3752
1049 0.280374 67.0605 21.3752
1050 0.280374 67.0605 21.3752
1051 0.280374 67.0605 21.3752
1052 0.280374 61.8857 20.3506
1053 0.280374 61.8857 20.3506
1054 0.280374 61.8857 20.3506
1055 0.280374 61.8857 20.3506
1056 0.280374 61.8857 20.3506
1057 0.280374 61.8857 20.3506
1058 0.280374 61.8857 20.3506
1059 0.280374 61.8857 20.3506
1060 0.280374 61.8857 20.3506
1061 0.280374 61.8857 20.3506
1062 0.280374 61.8857 20.3506
1063 0.280374 61.8857 20.3506
1064 0.280374 56.154 19.1554
1065 0.280374 56.154 19.1554
1066 0.280374 56.154 19.1554
1067 0.280374 56.154 19.1554
1068 0.280374 56.154 19.1554
1069 0.280374 56.154 19.1554
1070 0.280374 56.154 19.1554
1071 0.280374 56.154 19.1554
1072 0.280374 53.4924 18.8928
1073 0.280374 53.4924 18.8928
1074 0.280374 53.4924 18.8928
1075 0.280374 53.4924 18.8928
1076 0.280374 53.4924 18.8928
1077 0.280374 53.4924 18.8928
1078 0.280374 53.4924 18.8928
1079 0.280374 53.4924 18.8928
1080 0.280374 53.0964 17.851
1081 0.280374 53.0964 17.851
1082 0.280374 53.0964 17.851
1083 0.280374 53.0964 17.851
1084 0.280374 53.0964 17.851
1085 0.280374 52.4231 16.8686
1086 0.280374 52.4231 16.8686
1087 0.280374 52.4231 16.8686
1088 0.280374 52.4231 16.8686
1089 0.280374 52.4231 16.8686
1090 0.280374 52.4231 16.8686
1091 0.280374 44.5258 16.3341
1092 0.280374 44.5258 16.3341
1093 0.280374 44.5258 16.3341
1094 0.280374 43.0247 15.5257
1095 0.280374 43.0247 15.5257
1096 0.280374 43.0247 15.5257
1097 0.280374 43.0247 15.5257
1098 0.280374 43.0247 15.5257
1099 0.280374 43.0247 15.5257
1100 0.280374 43.0247 15.5257
1101 0.280374 43.0247 15.5257
1102 0.280374 43.0247 15.5257
1103 0.280374 43.0247 15.5257
1104 0.280374 43.0247 15.5257
1105 0.280374 43.0247 15.5257
1106 0.280374 43.0247 15.5257
1107 0.280374 43.0247 15.5257
1108 0.280374 43.0247 15.5257
1109 0.280374 43.0247 15.5257
1110 0.280374 43.0247 15.5257
1111 0.280374 43.0247 15.5257
1112 0.280374 43.0247 15.5257
1113 0.280374 43.0247 15.5257
1114 0.280374 43.0247 15.5257
1115 0.280374 43.0247 15.5257
1116 0.280374 43.0247 15.5257
1117 0.280374 43.0247 15.5257
1118 0.280374 43.0247 15.5257
1119 0.280374 37.855 14.6728
1120 0.280374 37.855 14.6728
1121 0.280374 37.855 14.6728
1122 0.280374 37.855 14.6728
1123 0.280374 37.855 14.6728
1124 0.280374 37.855 14.6728
1125 0.280374 37.855 14.6728
1126 0.280374 37.855 14.6728
1127 0.280374 37.855 14.6728
1128 0.280374 37.855 14.6728
1129 0.280374 37.855 14.6728
1130 0.280374 37.855 14.6728
1131 0.280374 37.855 14.6728
1132 0.280374 37.855 14.6728
1133 0.280374 37.855 14.6728
1134 0.280374 37.855 14.6728
1135 0.280374 37.8105 13.9314
1136 0.280374 37.8105 13.9314
1137 0.280374 37.5228 13.3011
1138 0.280374 37.5228 13.3011
1139 0.280374 36.6228 12.6161
1140 0.280374 36.6228 12.6161
1141 0.280374 36.6228 12.6161
1142 0.280374 36.6228 12.6161
1143 0.280374 36.6228 12.6161
1144 0.280374 36.6228 12.6161
1145 0.280374 36.6228 12.6161
1146 0.280374 36.6228 12.6161
1147 0.280374 32.1457 11.9485
1148 0.280374 32.1457 11.9485
1149 0.280374 32.1457 11.9485
1150 0.280374 32.1457 11.9485
1151 0.280374 32.1457 11.9485
1152 0.280374 31.8994 11.6597
1153 0.280374 31.3506 11.2861
1154 0.280374 31.3506 11.2861
1155 0.280374 31.3506 11.2861
1156 0.280374 31.3506 11.2861
1157 0.280374 31.3506 11.2861
1158 0.280374 31.3506 11.2861
1159 0.280374 31.3506 11.2861
1160 0.280374 30.0496 10.7544
1161 0.280374 30.0496 10.7544
1162 0.280374 30.0496 10.7544
1163 0.280374 30.0496 10.7544
1164 0.280374 30.0496 10.7544
1165 0.280374 30.0496 10.7544
1166 0.280374 30.0496 10.7544
1167 0.280374 30.0496 10.7544
1168 0.280374 30.0496 10.7544
1169 0.280374 30.0496 10.7544
1170 0.280374 30.0496 10.7544
1171 0.280374 30.0496 10.7544
1172 0.280374 30.0496 10.7544
1173 0.280374 30.0496 10.7544
1174 0.280374 30.0496 10.7544
1175 0.280374 30.0496 10.7544
1176 0.280374 30.0496 10.7544
1177 0.280374 30.0496 10.7544
1178 0.280374 30.0496 10.7544
1179 0.280374 30.0496 10.7544
1180 0.280374 30.0496 10.7544
1181 0.280374 30.0496 10.7544
1182 0.280374 30.0496 10.7544
1183 0.280374 30.0496 10.7544
1184 0.280374 30.0496 10.7544
1185 0.280374 30.0496 10.7544
1186 0.280374 30.0496 10.7544
1187 0.280374 30.0496 10.7544
1188 0.280374 30.0496 10.7544
1189 0.280374 30.0496 10.7544
1190 0.280374 30.0496 10.7544
1191 0.280374 30.0496 10.7544
1192 0.280374 30.0496 10.7544
1193 0.280374 30.0496 10.7544
1194 0.280374 30.0496 10.7544
1195 0.280374 30.0496 10.7544
1196 0.280374 30.0496 10.7544
1197 0.280374 30.0496 10.7544
1198 0.280374 30.0496 10.7544
1199 0.280374 30.0496 10.7544
1200 0.280374 30.0496 10.7544
1201 0.280374 30.0496 10.7544
1202 0.280374 30.0496 10.7544
1203 0.280374 30.0496 10.7544
1204 0.280374 30.0496 10.7544
1205 0.280374 30.0496 10.7544
1206 0.280374 30.0496 10.7544
1207 0.280374 30.0496 10.7544
1208 0.280374 30.0496 10.7544
1209 0.280374 30.0496 10.7544
1210 0.280374 30.0496 10.7544
1211 0.280374 30.0496 10.7544
1212 0.280374 30.0496 10.7544
1213 0.280374 30.0496 10.7544
1214 0.280374 30.0496 10.7544
1215 0.280374 30.0496 10.7544
1216 0.280374 30.0496 10.7544
1217 0.280374 30.0496 10.7544
1218 0.280374 30.0496 10.7544
1219 0.280374 30.0496 10.7544
1220 0.280374 30.0496 10.7544
1221 0.280374 30.0496 10.7544
1222 0.280374 30.0496 10.7544
1223 0.280374 30.0496 10.7544
1224 0.280374 30.0496 10.7544
1225 0.280374 30.0496 10.7544
1226 0.280374 29.569 10.3444
1227 0.280374 29.569 10.3444
1228 0.280374 29.569 10.3444
1229 0.280374 29.569 10.3444
1230 0.280374 29.569 10.3444
1231 0.280374 29.569 10.3444
1232 0.280374 29.569 10.3444
1233 0.280374 29.569 10.3444
1234 0.260244 29.2498 9.75825
1235 0.260244 29.2498 9.75825
1236 0.260244 29.2498 9.75825
1237 0.260244 29.2498 9.75825
1238 0.260244 29.2498 9.75825
1239 0.260244 29.2498 9.75825
1240 0.260244 29.2498 9.75825
1241 0.260244 29.2498 9.75825
1242 0.260244 29.2498 9.75825
1243 0.260244 29.2498 9.75825
1244 0.260244 29.2498 9.75825
1245 0.260244 29.2498 9.75825
1246 0.260244 29.2498 9.75825
1247 0.260244 29.2498 9.75825
1248 0.260244 29.2498 9.75825
1249 0.260244 29.2498 9.75825
1250 0.260244 29.2498 9.75825
1251 0.260244 29.2498 9.75825
1252 0.260244 29.2498 9.75825
1253 0.260244 29.2498 9.75825
1254 0.260244 29.2498 9.75825
1255 0.260244 29.2498 9.75825
1256 0.260244 29.2498 9.75825
1257 0.260244 29.2498 9.75825
1258 0.260244 29.2498 9.75825
1259 0.260244 29.2498 9.75825
1260 0.260244 29.2498 9.75825
1261 0.260244 29.1854 9.44032
1262 0.260244 29.1854 9.44032
1263 0.260244 29.1854 9.44032
1264 0.260244 29.1854 9.44032
1265 0.260244 27.4446 8.88397
1266 0.260244 27.4446 8.88397
1267 0.260244 27.4446 8.88397
1268 0.260244 27.4446 8.88397
1269 0.260244 27.4446 8.88397
1270 0.260244 27.4446 8.88397
1271 0.260244 25.8765 8.50869
1272 0.260244 25.8765 8.50869
1273 0.260244 25.8765 8.50869
1274 0.260244 25.8765 8.50869
1275 0.260244 25.8765 8.50869
1276 0.260244 25.8765 8.50869
1277 0.260244 25.8765 8.50869
1278 0.260244 25.8765 8.50869
1279 0.260244 25.8765 8.50869
1280 0.260244 25.8765 8.50869
1281 0.260244 25.8765 8.50869
1282 0.260244 25.8765 8.50869
1283 0.260244 25.8765 8.50869
1284 0.260244 25.8765 8.50869
1285 0.260244 25.8765 8.50869
1286 0.260244 25.6971 8.30269
1287 0.260244 25.6971 8.30269
1288 0.260244 25.6971 8.30269
1289 0.260244 25.6971 8.30269
1290 0.260244 25.6971 8.30269
1291 0.260244 25.6971 8.30269
1292 0.260244 25.6971 8.30269
1293 0.260244 25.6971 8.30269
1294 0.260244 25.6971 8.30269
1295 0.260244 25.6971 8.30269
1296 0.260244 25.6971 8.30269
1297 0.260244 25.6971 8.30269
1298 0.260244 25.6971 8.30269
1299 0.260244 25.6971 8.30269
1300 0.260244 24.9026 7.92
1301 0.260244 24.9026 7.92
1302 0.260244 24.9026 7.92
1303 0.260244 24.9026 7.92
1304 0.260244 24.9026 7.92
1305 0.260244 24.9026 7.92
1306 0.260244 24.9026 7.92
1307 0.260244 24.9026 7.92
1308 0.260244 24.9026 7.92
1309 0.260244 24.9026 7.92
1310 0.260244 24.9026 7.92
1311 0.260244 24.9026 7.92
1312 0.260244 24.9026 7.92
1313 0.260244 24.9026 7.92
1314 0.260244 23.4523 7.61329
1315 0.260244 23.3688 7.48702
1316 0.260244 23.3688 7.48702
1317 0.260244 23.3688 7.48702
1318 0.260244 23.3688 7.48702
1319 0.260244 23.3688 7.48702
1320 0.260244 23.3688 7.48702
1321 0.260244 23.3688 7.48702
1322 0.260244 23.3688 7.48702
1323 0.260244 21.2249 7.34335
1324 0.260244 20.3985 7.06418
1325 0.260244 20.3985 7.06418
1326 0.260244 20.3985 7.06418
1327 0.260244 20.3985 7.06418
1328 0.260244 20.3985 7.06418
1329 0.260244 20.3985 7.06418
1330 0.260244 20.3985 7.06418
1331 0.260244 20.3985 7.06418
1332 0.260244 20.3985 7.06418
1333 0.260244 20.3985 7.06418
1334 0.260244 20.3985 7.06418
1335 0.260244 20.3985 7.06418
1336 0.260244 20.3985 7.06418
1337 0.260244 20.3985 7.06418
1338 0.260244 20.3985 7.06418
1339 0.260244 20.3985 7.06418
1340 0.260244 20.3985 7.06418
1341 0.260244 20.3985 7.06418
1342 0.260244 20.3985 7.06418
1343 0.260244 20.3985 7.06418
1344 0.260244 20.3985 7.06418
1345 0.260244 20.3985 7.06418
1346 0.260244 20.3985 7.06418
1347 0.260244 20.3985 7.06418
1348 0.260244 20.3985 7.06418
1349 0.260244 20.3985 7.06418
1350 0.260244 20.3985 7.06418
1351 0.260244 20.3985 7.06418
1352 0.260244 20.3985 7.06418
1353 0.260244 20.3985 7.06418
1354 0.260244 20.3985 7.06418
1355 0.260244 20.3985 7.06418
1356 0.260244 20.3985 7.06418
1357 0.260244 20.3985 7.06418
1358 0.260244 20.3985 7.06418
1359 0.260244 20.3985 7.06418
1360 0.260244 20.3985 7.06418
1361 0.260244 20.3985 7.06418
1362 0.260244 20.3985 7.06418
1363 0.260244 20.3985 7.06418
1364 0.260244 20.3985 7.06418
1365 0.260244 20.3985 7.06418
1366 0.260244 20.3985 7.06418
1367 0.260244 20.3985 7.06418
1368 0.260244 20.3985 7.06418
1369 0.260244 20.3985 7.06418
1370 0.260244 20.3985 7.06418
1371 0.260244 20.3985 7.06418
1372 0.260244 20.3985 7.06418
1373 0.260244 20.3985 7.06418
1374 0.260244 20.3985 7.06418
1375 0.260244 20.3985 7.06418
1376 0.260244 20.3985 7.06418
1377 0.260244 20.3985 7.06418
1378 0.260244 20.3985 7.06418
1379 0.260244 20.3985 7.06418
1380 0.260244 20.0266 6.78038
1381 0.260244 20.0266 6.78038
1382 0.260244 20.0266 6.78038
1383 0.260244 20.0266 6.78038
1384 0.260244 20.0266 6.78038
1385 0.260244 20.0266 6.78038
1386 0.260244 20.0266 6.78038
1387 0.260244 20.0266 6.78038
1388 0.260244 20.0266 6.78038
1389 0.260244 20.0266 6.78038
1390 0.260244 20.0266 6.78038
1391 0.260244 20.0266 6.78038
1392 0.260244 20.0266 6.78038
1393 0.260244 20.0266 6.78038
1394 0.260244 20.0266 6.78038
1395 0.260244 20.0266 6.78038
1396 0.260244 20.0266 6.78038
1397 0.260244 20.0266 6.78038
1398 0.260244 20.0266 6.78038
1399 0.260244 20.0266 6.78038
1400 0.260244 20.0266 6.78038
1401 0.260244 20.0266 6.78038
1402 0.260244 20.0266 6.78038
1403 0.260244 20.0266 6.78038
1404 0.260244 20.0266 6.78038
1405 0.260244 20.0266 6.78038
1406 0.260244 20.0266 6.78038
1407 0.260244 20.0266 6.78038
1408 0.260244 20.0266 6.78038
1409 0.260244 20.0266 6.78038
1410 0.260244 17.7037 6.60509
1411 0.260244 17.7037 6.60509
1412 0.260244 17.7037 6.60509
1413 0.260244 17.7037 6.60509
1414 0.260244 17.7037 6.60509
1415 0.260244 17.7037 6.60509
1416 0.260244 17.7037 6.60509
1417 0.260244 17.1387 6.50741
1418 0.260244 17.1387 6.50741
1419 0.260244 17.1387 6.50741
1420 0.260244 16.1849 6.24079
1421 0.260244 16.1849 6.24079
1422 0.260244 16.1849 6.24079
1423 0.260244 16.1849 6.24079
1424 0.260244 16.1849 6.24079
1425 0.260244 16.1849 6.24079
1426 0.260244 16.1849 6.24079
1427 0.260244 16.1849 6.24079
1428 0.260244 16.1849 6.24079
1429 0.260244 16.1849 6.24079
1430 0.260244 16.1849 6.24079
1431 0.260244 16.1849 6.24079
1432 0.260244 16.1849 6.24079
1433 0.260244 16.1849 6.24079
1434 0.260244 16.1849 6.24079
1435 0.260244 16.1849 6.24079
1436 0.260244 16.1849 6.24079
1437 0.260244 16.1849 6.24079
1438 0.260244 16.1849 6.24079
1439 0.260244 16.1849 6.24079
1440 0.260244 16.1849 6.24079
1441 0.260244 16.1849 6.24079
1442 0.260244 16.1849 6.24079
1443 0.260244 16.1849 6.24079
1444 0.260244 16.1849 6.24079
1445 0.260244 16.1849 6.24079
1446 0.260244 16.1849 6.24079
1447 0.260244 16.1849 6.24079
1448 0.260244 16.1849 6.24079
1449 0.260244 16.1849 6.24079
1450 0.260244 16.1849 6.24079
1451 0.260244 16.1849 6.24079
1452 0.260244 16.1849 6.24079
1453 0.260244 16.1849 6.24079
1454 0.260244 16.1849 6.24079
1455 0.260244 16.1849 6.24079
1456 0.260244 16.1849 6.24079
1457 0.260244 16.1849 6.24079
1458 0.260244 15.8325 6.07568
1459 0.260244 15.8325 6.07568
1460 0.260244 15.8325 6.07568
1461 0.260244 15.8325 6.07568
1462 0.260244 15.8325 6.07568
1463 0.260244 15.8325 6.07568
1464 0.260244 15.8325 6.07568
1465 0.260244 15.8325 6.07568
1466 0.260244 15.8325 6.07568
1467 0.260244 15.8325 6.07568
1468 0.260244 15.8325 6.07568
1469 0.260244 15.8325 6.07568
1470 0.260244 15.8325 6.07568
1471 0.260244 15.8325 6.07568
1472 0.260244 15.8325 6.07568
1473 0.260244 15.5768 5.84632
1474 0.260244 14.8338 5.6373
1475 0.260244 14.8338 5.6373
1476 0.260244 14.8338 5.6373
1477 0.260244 14.8338 5.6373
1478 0.260244 14.8338 5.6373
1479 0.260244 14.8338 5.6373
1480 0.260244 14.8338 5.6373
1481 0.260244 14.8338 5.6373
1482 0.260244 14.8338 5.6373
1483 0.260244 14.8338 5.6373
1484 0.260244 14.8338 5.6373
1485 0.260244 14.8338 5.6373
1486 0.260244 14.8338 5.6373
1487 0.260244 14.8338 5.6373
1488 0.260244 14.8338 5.6373
1489 0.260244 14.8338 5.6373
1490 0.260244 14.8338 5.6373
1491 0.260244 14.8338 5.6373
1492 0.260244 14.8338 5.6373
1493 0.260244 14.8338 5.6373
1494 0.260244 14.8338 5.6373
1495 0.260244 14.5105 5.62904
1496 0.260244 14.5105 5.62904
1497 0.260244 14.5105 5.62904
1498 0.260244 14.5105 5.62904
1499 0.260244 14.5105 5.62904
1500 0.260244 14.5105 5.62904
1501 0.260244 14.5105 5.62904
1502 0.260244 14.5105 5.62904
1503 0.260244 14.5105 5.62904
1504 0.260244 14.5105 5.62904
1505 0.260244 14.5105 5.62904
1506 0.260244 14.5105 5.62904
1507 0.260244 14.5105 5.62904
1508 0.260244 14.5105 5.62904
1509 0.260244 14.5105 5.62904
1510 0.260244 14.5105 5.62904
1511 0.260244 14.5105 5.62904
1512 0.260244 14.5105 5.62904
1513 0.260244 14.5105 5.62904
1514 0.260244 14.5105 5.62904
1515 0.260244 14.5105 5.62904
1516 0.260244 14.5105 5.62904
1517 0.260244 14.5105 5.62904
1518 0.260244 14.5105 5.62904
1519 0.260244 14.4205 5.43397
1520 0.260244 13.353 5.2941
1521 0.260244 13.2177 5.14383
1522 0.260244 13.2177 5.14383
1523 0.260244 13.2177 5.14383
1524 0.260244 13.2177 5.14383
1525 0.260244 13.2177 5.14383
1526 0.260244 13.2177 5.14383
1527 0.260244 13.2177 5.14383
1528 0.260244 13.2177 5.14383
1529 0.260244 13.2177 5.14383
1530 0.260244 13.2177 5.14383
1531 0.260244 13.2177 5.14383
1532 0.260244 13.2177 5.14383
1533 0.260244 13.2177 5.14383
1534 0.260244 13.2177 5.14383
1535 0.260244 12.8197 5.1273
1536 0.260244 12.8197 5.1273
1537 0.260244 12.8197 5.1273
1538 0.260244 12.6071 4.89242
1539 0.260244 12.3913 4.6819
1540 0.260244 12.3913 4.6819
1541 0.260244 12.3913 4.6819
1542 0.260244 12.3913 4.6819
1543 0.260244 11.8206 4.64064
1544 0.260244 11.8206 4.64064
1545 0.260244 11.2624 4.41925
1546 0.260244 11.2624 4.41925
1547 0.260244 11.2624 4.41925
1548 0.260244 11.2624 4.41925
1549 0.260244 11.2624 4.41925
1550 0.260244 11.2624 4.41925
1551 0.260244 11.2624 4.41925
1552 0.260244 11.2624 4.41925
1553 0.260244 11.2624 4.41925
1554 0.260244 11.2624 4.41925
1555 0.260244 11.2624 4.41925
1556 0.260244 11.2624 4.41925
1557 0.260244 11.2624 4.41925
1558 0.260244 11.2624 4.41925
1559 0.260244 10.3284 4.39841
1560 0.260244 10.3284 4.39841
1561 0.260244 10.3284 4.39841
1562 0.260244 10.3284 4.39841
1563 0.260244 10.3284 4.39841
1564 0.260244 10.3284 4.39841
1565 0.260244 10.3284 4.39841
1566 0.260244 10.3284 4.39841
1567 0.260244 10.3284 4.39841
1568 0.260244 10.3284 4.39841
1569 0.260244 10.2206 4.22973
1570 0.260244 10.2206 4.22973
1571 0.260244 10.2206 4.22973
1572 0.260244 10.2206 4.22973
1573 0.260244 10.2206 4.22973
1574 0.260244 10.2206 4.22973
1575 0.260244 10.2206 4.22973
1576 0.260244 10.2206 4.22973
1577 0.260244 10.2206 4.22973
1578 0.260244 10.2206 4.22973
1579 0.260244 10.2206 4.22973
1580 0.260244 10.2206 4.22973
1581 0.260244 10.2206 4.22973
1582 0.260244 10.2206 4.22973
1583 0.260244 10.2206 4.22973
1584 0.260244 10.2206 4.22973
1585 0.260244 10.2206 4.22973
1586 0.260244 10.2206 4.22973
1587 0.260244 10.2206 4.22973
1588 0.260244 10.2206 4.22973
1589 0.260244 10.2206 4.22973
1590 0.260244 10.2206 4.22973
1591 0.260244 9.567 4.05385
1592 0.260244 9.567 4.05385
1593 0.260244 9.567 4.05385
1594 0.260244 9.567 4.05385
1595 0.260244 9.567 4.05385
1596 0.260244 9.567 4.05385
1597 0.260244 9.567 4.05385
1598 0.260244 9.567 4.05385
1599 0.260244 9.567 4.05385
1600 0.260244 9.567 4.05385
1601 0.260244 9.567 4.05385
1602 0.260244 9.567 4.05385
1603 0.260244 9.567 4.05385
1604 0.260244 9.567 4.05385
1605 0.260244 9.567 4.05385
1606 0.260244 9.567 4.05385
1607 0.260244 9.567 4.05385
1608 0.260244 9.567 4.05385
1609 0.260244 9.54932 3.87236
1610 0.260244 9.54932 3.87236
1611 0.260244 9.54932 3.87236
1612 0.260244 9.54932 3.87236
1613 0.260244 9.54932 3.87236
1614 0.260244 9.54932 3.87236
1615 0.260244 8.83124 3.69198
1616 0.260244 8.83124 3.69198
1617 0.260244 8.83124 3.69198
1618 0.260244 8.82144 3.54247
1619 0.260244 8.82144 3.54247
1620 0.260244 8.68021 3.4509
1621 0.260244 8.27347 3.34226
1622 0.260244 8.27347 3.34226
1623 0.260244 8.27347 3.34226
1624 0.260244 8.27347 3.34226
1625 0.260244 8.27347 3.34226
1626 0.260244 8.27347 3.34226
1627 0.260244 8.27347 3.34226
1628 0.260244 8.27347 3.34226
1629 0.260244 8.27347 3.34226
1630 0.260244 8.27347 3.34226
1631 0.260244 8.27347 3.34226
1632 0.260244 8.27347 3.34226
1633 0.260244 8.27347 3.34226
1634 0.260244 8.27347 3.34226
1635 0.260244 7.92977 3.1973
1636 0.260244 7.92977 3.1973
1637 0.260244 7.92977 3.1973
1638 0.260244 7.92977 3.1973
1639 0.260244 7.92977 3.1973
1640 0.260244 7.92977 3.1973
1641 0.260244 7.92977 3.1973
1642 0.260244 7.92977 3.1973
1643 0.260244 7.92977 3.1973
1644 0.260244 7.92977 3.1973
1645 0.260244 7.42676 3.06956
1646 0.260244 7.42676 3.06956
1647 0.260244 7.42676 3.06956
1648 0.260244 7.42676 3.06956
1649 0.260244 7.42676 3.06956
1650 0.260244 7.42676 3.06956
1651 0.260244 7.42676 3.06956
1652 0.260244 7.42676 3.06956
1653 0.260244 7.42676 3.06956
1654 0.260244 7.42676 3.06956
1655 0.260244 7.42676 3.06956
1656 0.260244 7.42676 3.06956
1657 0.260244 7.42676 3.06956
1658 0.260244 7.42676 3.06956
1659 0.260244 7.42676 3.06956
1660 0.260244 7.42676 3.06956
1661 0.260244 7.42676 3.06956
1662 0.260244 7.26648 2.98116
1663 0.260244 7.26648 2.98116
1664 0.260244 7.26648 2.98116
1665 0.260244 6.56272 2.85935
1666 0.260244 6.56272 2.85935
1667 0.260244 6.56272 2.85935
1668 0.260244 6.56272 2.85935
1669 0.260244 6.56272 2.85935
1670 0.260244 6.56272 2.85935
1671 0.260244 6.56272 2.85935
1672 0.260244 6.56272 2.85935
1673 0.260244 6.56272 2.85935
1674 0.260244 6.56272 2.85935
1675 0.260244 6.56272 2.85935
1676 0.260244 6.56272 2.85935
1677 0.260244 6.56272 2.85935
1678 0.260244 6.56272 2.85935
1679 0.260244 6.56272 2.85935
1680 0.260244 6.56272 2.85935
1681 0.260244 6.56272 2.85935
1682 0.260244 6.56272 2.85935
1683 0.260244 6.56272 2.85935
1684 0.260244 6.29753 2.7852
1685 0.260244 6.29753 2.7852
1686 0.260244 6.29753 2.7852
1687 0.260244 6.29753 2.7852
1688 0.260244 6.29753 2.7852
1689 0.260244 6.29753 2.7852
1690 0.260244 6.29753 2.7852
1691 0.260244 6.29753 2.7852
1692 0.260244 6.29753 2.7852
1693 0.260244 6.29753 2.7852
1694 0.260244 6.29753 2.7852
1695 0.260244 6.29753 2.7852
1696 0.260244 6.29753 2.7852
1697 0.260244 6.29753 2.7852
1698 0.260244 6.29753 2.7852
1699 0.260244 6.29753 2.7852
1700 0.260244 6.29753 2.7852
1701 0.260244 6.29753 2.7852
1702 0.260244 6.29753 2.7852
1703 0.260244 6.29753 2.7852
1704 0.260244 6.29753 2.7852
1705 0.260244 6.29753 2.7852
1706 0.260244 6.29753 2.7852
1707 0.260244 6.29753 2.7852
1708 0.260244 6.20857 2.68556
1709 0.260244 6.20857 2.68556
1710 0.260244 6.20857 2.68556
1711 0.260244 6.20857 2.68556
1712 0.260244 6.20857 2.68556
1713 0.260244 5.83957 2.66025
1714 0.260244 5.83957 2.66025
1715 0.260244 5.83957 2.66025
1716 0.260244 5.83957 2.66025
1717 0.260244 5.83957 2.66025
1718 0.260244 5.83957 2.66025
1719 0.260244 5.83957 2.66025
1720 0.260244 5.83957 2.66025
1721 0.260244 5.83957 2.66025
1722 0.260244 5.83957 2.66025
1723 0.260244 5.83957 2.66025
1724 0.260244 5.83957 2.66025
1725 0.260244 5.83957 2.66025
1726 0.260244 5.83957 2.66025
1727 0.260244 5.83957 2.66025
1728 0.260244 5.83957 2.66025
1729 0.260244 5.83957 2.66025
1730 0.260244 5.83957 2.66025
1731 0.260244 5.83957 2.66025
1732 0.260244 5.83957 2.66025
1733 0.260244 5.83957 2.66025
1734 0.260244 5.83957 2.66025
1735 0.260244 5.83957 2.66025
1736 0.260244 5.83957 2.66025
1737 0.260244 5.83957 2.66025
1738 0.260244 5.83957 2.66025
1739 0.260244 5.83957 2.66025
1740 0.260244 5.83957 2.66025
1741 0.260244 5.83957 2.66025
1742 0.260244 5.83957 2.66025
1743 0.260244 5.83957 2.66025
1744 0.260244 5.83957 2.66025
1745 0.260244 5.83957 2.66025
1746 0.260244 5.83957 2.66025
1747 0.260244 5.83957 2.66025
1748 0.260244 5.83957 2.66025
1749 0.260244 5.83957 2.66025
1750 0.260244 5.83957 2.66025
1751 0.260244 5.83957 2.66025
1752 0.260244 5.83957 2.66025
1753 0.260244 5.83957 2.66025
1754 0.260244 5.83957 2.66025
1755 0.260244 5.83957 2.66025
1756 0.260244 5.83957 2.66025
1757 0.260244 5.83957 2.66025
1758 0.260244 5.83957 2.66025
1759 0.260244 5.83957 2.66025
1760 0.260244 5.83957 2.66025
1761 0.260244 5.83957 2.66025
1762 0.260244 5.83957 2.66025
1763 0.260244 5.83957 2.66025
1764 0.260244 5.83957 2.66025
1765 0.260244 5.83957 2.66025
1766 0.260244 5.83957 2.66025
1767 0.260244 5.83957 2.66025
1768 0.260244 5.83957 2.66025
1769 0.260244 5.83957 2.66025
1770 0.260244 5.83957 2.66025
1771 0.260244 5.83957 2.66025
1772 0.260244 5.83957 2.66025
1773 0.260244 5.83957 2.66025
1774 0.260244 5.83957 2.66025
1775 0.260244 5.83957 2.66025
1776 0.260244 5.83957 2.66025
1777 0.260244 5.83957 2.66025
1778 0.260244 5.83957 2.66025
1779 0.260244 5.41423 2.55089
1780 0.260244 5.41423 2.55089
1781 0.260244 5.41423 2.55089
1782 0.260244 5.41423 2.55089
1783 0.260244 5.41423 2.55089
1784 0.260244 5.41423 2.55089
1785 0.260244 5.41423 2.55089
1786 0.260244 5.41423 2.55089
1787 0.260244 5.41423 2.55089
1788 0.260244 5.41423 2.55089
1789 0.260244 5.41423 2.55089
1790 0.260244 5.41423 2.55089
1791 0.260244 5.23437 2.45467
1792 0.260244 5.1261 2.42685
1793 0.260244 5.1261 2.42685
1794 0.260244 5.1261 2.42685
1795 0.260244 5.1261 2.42685
1796 0.260244 4.94333 2.36352
1797 0.260244 4.94333 2.36352
1798 0.260244 4.94333 2.36352
1799 0.260244 4.94333 2.36352
1800 0.260244 4.94333 2.36352
1801 0.260244 4.94333 2.36352
1802 0.260244 4.94333 2.36352
1803 0.260244 4.94333 2.36352
1804 0.260244 4.94333 2.36352
1805 0.260244 4.94333 2.36352
1806 0.260244 4.94333 2.36352
1807 0.260244 4.94333 2.36352
1808 0.260244 4.94333 2.36352
1809 0.260244 4.94333 2.36352
1810 0.260244 4.94333 2.36352
1811 0.260244 4.94333 2.36352
1812 0.260244 4.94333 2.36352
1813 0.232536 4.86271 2.2693
1814 0.232536 4.86271 2.2693
1815 0.232536 4.86271 2.2693
1816 0.232536 4.86271 2.2693
1817 0.232536 4.86271 2.2693
1818 0.232536 4.86271 2.2693
1819 0.232536 4.86271 2.2693
1820 0.232536 4.86271 2.2693
1821 0.232536 4.76929 2.18324
1822 0.232536 4.76929 2.18324
1823 0.232536 4.76929 2.18324
1824 0.232536 4.76929 2.18324
1825 0.0160377 4.75722 2.08818
1826 0.0160377 4.75722 2.08818
1827 0.0160377 4.75722 2.08818
1828 0.0160377 4.75722 2.08818
1829 0.0160377 4.75722 2.08818
1830 0.0160377 4.75722 2.08818
1831 0.0160377 4.75722 2.08818
1832 0.0160377 4.75722 2.08818
1833 0.0160377 4.75722 2.08818
1834 0.0160377 4.75722 2.08818
1835 0.0160377 4.75722 2.08818
1836 0.0160377 4.75722 2.08818
1837 0.0160377 4.75722 2.08818
1838 0.0160377 4.75722 2.08818
1839 0.0160377 4.75722 2.08818
1840 0.0160377 4.75722 2.08818
1841 0.0160377 4.66448 2.04423
1842 0.0160377 4.66448 2.04423
1843 0.0160377 4.66448 2.04423
1844 0.0160377 4.66448 2.04423
1845 0.0160377 4.66448 2.04423
1846 0.0160377 4.66448 2.04423
1847 0.0160377 4.66448 2.04423
1848 0.0160377 4.66448 2.04423
1849 0.0160377 4.66448 2.04423
1850 0.0160377 4.37021 1.98547
1851 0.0160377 4.36411 1.93595
1852 0.0160377 4.36411 1.93595
1853 0.0160377 4.36411 1.93595
1854 0.0160377 4.36411 1.93595
1855 0.0160377 4.36411 1.93595
1856 0.0160377 4.36411 1.93595
1857 0.0160377 4.36411 1.93595
1858 0.0160377 4.36411 1.93595
1859 0.0160377 4.36411 1.93595
1860 0.0160377 4.36411 1.93595
1861 0.0160377 4.36411 1.93595
1862 0.0160377 4.36411 1.93595
1863 0.0160377 4.36411 1.93595
1864 0.0160377 4.36411 1.93595
1865 0.0160377 4.36411 1.93595
1866 0.0160377 4.36411 1.93595
1867 0.0160377 4.36411 1.93595
1868 0.0160377 4.36411 1.93595
1869 0.0160377 4.36411 1.93595
1870 0.0160377 4.36411 1.93595
1871 0.0160377 4.36411 1.93595
1872 0.0160377 4.36411 1.93595
1873 0.0160377 4.36411 1.93595
1874 0.0160377 4.36411 1.93595
1875 0.0160377 4.24295 1.84906
1876 0.0160377 4.24295 1.84906
1877 0.0160377 4.24295 1.84906
1878 0.0160377 4.24295 1.84906
1879 0.0160377 4.24295 1.84906
1880 0.0160377 4.24295 1.84906
1881 0.0160377 4.10744 1.79582
1882 0.0160377 4.10744 1.79582
1883 0.0160377 4.10744 1.79582
1884 0.0160377 4.10744 1.79582
1885 0.0160377 4.10744 1.79582
1886 0.0160377 4.10744 1.79582
1887 0.0160377 4.10744 1.79582
1888 0.0160377 4.10744 1.79582
1889 0.0160377 4.10744 1.79582
1890 0.0160377 4.10744 1.79582
1891 0.0160377 4.10744 1.79582
1892 0.0160377 4.10744 1.79582
1893 0.0160377 4.10744 1.79582
1894 0.0160377 4.10744 1.79582
1895 0.0160377 4.10744 1.79582
1896 0.0160377 4.10744 1.79582
1897 0.0160377 4.10744 1.79582
1898 0.0160377 4.10744 1.79582
1899 0.0160377 4.10744 1.79582
1900 0.0160377 4.10744 1.79582
1901 0.0160377 4.10744 1.79582
1902 0.0160377 4.10744 1.79582
1903 0.0160377 4.10744 1.79582
1904 0.0160377 4.10744 1.79582
1905 0.0160377 4.10744 1.79582
1906 0.0160377 4.06211 1.7429
1907 0.0160377 4.06211 1.7429
1908 0.0160377 4.06211 1.7429
1909 0.0160377 4.06211 1.7429
1910 0.0160377 4.06211 1.7429
1911 0.0160377 4.06211 1.7429
1912 0.0160377 4.06211 1.7429
1913 0.0160377 4.06211 1.7429
1914 0.0160377 4.06211 1.7429
1915 0.0160377 4.06211 1.7429
1916 0.0160377 4.06211 1.7429
1917 0.0160377 4.06211 1.7429
1918 0.0160377 4.06211 1.7429
1919 0.0160377 4.06211 1.7429
1920 0.0160377 4.06211 1.7429
1921 0.0160377 4.06211 1.7429
1922 0.0160377 3.97729 1.70626
1923 0.0160377 3.97729 1.70626
1924 0.0160377 3.97729 1.70626
1925 0.0160377 3.97729 1.70626
1926 0.0160377 3.97729 1.70626
1927 0.0160377 3.97729 1.70626
1928 0.0160377 3.97729 1.70626
1929 0.0160377 3.97729 1.70626
1930 0.0160377 3.97729 1.70626
1931 0.0160377 3.97729 1.70626
1932 0.0160377 3.97729 1.70626
1933 0.0160377 3.97729 1.70626
1934 0.0160377 3.97729 1.70626
1935 0.0160377 3.97729 1.70626
1936 0.0160377 3.84331 1.66592
1937 0.0160377 3.84331 1.66592
1938 0.0160377 3.84331 1.66592
1939 0.0160377 3.84331 1.66592
1940 0.0160377 3.84331 1.66592
1941 0.0160377 3.84331 1.66592
1942 0.0160377 3.84331 1.66592
1943 0.0160377 3.84331 1.66592
1944 0.0160377 3.84331 1.66592
1945 0.0160377 3.84331 1.66592
1946 0.0160377 3.84331 1.66592
1947 0.0160377 3.84331 1.66592
1948 0.0160377 3.84331 1.66592
1949 0.0160377 3.84331 1.66592
1950 0.0160377 3.84331 1.66592
1951 0.0160377 3.84331 1.66592
1952 0.0160377 3.84331 1.66592
1953 0.0160377 3.84331 1.66592
1954 0.0160377 3.84331 1.66592
1955 0.0160377 3.84331 1.66592
1956 0.0160377 3.84331 1.66592
1957 0.0160377 3.84331 1.66592
1958 0.0160377 3.84331 1.66592
1959 0.0160377 3.84331 1.66592
1960 0.0160377 3.84331 1.66592
1961 0.0160377 3.84331 1.66592
1962 0.0160377 3.84331 1.66592
1963 0.0160377 3.84331 1.66592
1964 0.0160377 3.84331 1.66592
1965 0.0160377 3.84331 1.66592
1966 0.0160377 3.84331 1.66592
1967 0.0160377 3.84331 1.66592
1968 0.0160377 3.84331 1.66592
1969 0.0160377 3.84331 1.66592
1970 0.0160377 3.84331 1.66592
1971 0.0160377 3.84331 1.66592
1972 0.0160377 3.84331 1.66592
1973 0.0160377 3.84331 1.66592
1974 0.0160377 3.84331 1.66592
1975 0.0160377 3.84331 1.66592
1976 0.0160377 3.84331 1.66592
1977 0.0160377 3.84331 1.66592
1978 0.0160377 3.8075 1.65368
1979 0.0160377 3.8075 1.65368
1980 0.0160377 3.8075 1.65368
1981 0.0160377 3.8075 1.65368
1982 0.0160377 3.72398 1.58433
1983 0.0160377 3.72398 1.58433
1984 0.0160377 3.72398 1.58433
1985 0.0160377 3.72398 1.58433
1986 0.0160377 3.72398 1.58433
1987 0.0160377 3.72398 1.58433
1988 0.0160377 3.72398 1.58433
1989 0.0160377 3.72398 1.58433
1990 0.0160377 3.72398 1.58433
1991 0.0160377 3.72398 1.58433
1992 0.0160377 3.72398 1.58433
1993 0.0160377 3.72398 1.58433
1994 0.0160377 3.72398 1.58433
1995 0.0160377 3.72398 1.58433
1996 0.0160377 3.72398 1.58433
1997 0.0160377 3.72398 1.58433
1998 0.0160377 3.72398 1.58433
1999 0.0160377 3.72398 1.58433
